[0m[38;2;0;0;0m                                                [0m
[0m[38;2;0;0;0m                                                [0m
[0m[38;2;0;0;0m                  [38;2;0;0;0m [38;2;9;9;9m [38;2;26;26;26m [38;2;33;33;33m [38;2;36;36;36m [38;2;26;26;26m [38;2;28;28;28m [38;2;30;30;30m [38;2;26;26;26m [38;2;23;23;23m [38;2;10;10;10m [38;2;0;0;0m                   [0m
[0m[38;2;0;0;0m                 [38;2;21;21;21m [38;2;70;70;70m [38;2;2;2;2m [38;2;32;26;38ml[38;2;87;46;126mO[38;2;119;58;178mx[38;2;129;59;198mx[38;2;129;59;198mx[38;2;119;57;180mx[38;2;86;44;127mO[38;2;29;21;37md[38;2;1;1;1m [38;2;46;46;46m [38;2;19;19;19m [38;2;0;0;0m                 [0m
[0m[38;2;0;0;0m               [38;2;1;1;1m [38;2;32;32;32m [38;2;2;2;2m [38;2;1;1;1m [38;2;72;37;105mO[38;2;153;66;240mo[38;2;157;62;253mo[38;2;156;58;255md[38;2;156;56;255md[38;2;156;56;255md[38;2;156;58;255md[38;2;157;61;253mo[38;2;156;67;244mo[38;2;82;42;121m0[38;2;2;2;2m [38;2;1;1;1m [38;2;41;41;41m [38;2;1;1;1m [38;2;0;0;0m               [0m
[0m[38;2;0;0;0m              [38;2;1;1;1m [38;2;55;55;55m [38;2;2;2;2m [38;2;2;2;2m.[38;2;94;45;140mO[38;2;157;63;250mo[38;2;155;57;253md[38;2;154;54;255md[38;2;154;53;255md[38;2;154;53;255mdd[38;2;154;53;255md[38;2;154;54;255md[38;2;155;56;254md[38;2;155;62;248mo[38;2;83;41;124m0[38;2;3;3;3m.[38;2;1;1;1m [38;2;59;59;59m [38;2;1;1;1m [38;2;0;0;0m              [0m
[0m[38;2;0;0;0m             [38;2;8;8;8m [38;2;61;61;61m [38;2;2;2;2m [38;2;9;7;11m;[38;2;114;53;174mk[38;2;156;62;251mo[38;2;155;56;254md[38;2;154;53;255md[38;2;154;53;255mdddddd[38;2;154;53;255md[38;2;139;50;229mx[38;2;122;49;197mx[38;2;98;47;149mO[38;2;10;7;13m:[38;2;2;2;2m [38;2;68;68;68m [38;2;8;8;8m [38;2;0;0;0m             [0m
[0m[38;2;0;0;0m            [38;2;13;13;13m [38;2;1;1;1m [38;2;2;2;2m [38;2;22;13;29ml[38;2;136;60;211md[38;2;156;60;252mo[38;2;155;55;254md[38;2;154;53;255md[38;2;154;53;255mddd[38;2;154;53;255md[38;2;154;53;255md[38;2;154;53;255md[38;2;153;53;254md[38;2;133;45;221mx[38;2;118;40;197mk[38;2;119;42;197mk[38;2;122;47;197mk[38;2;112;51;175mk[38;2;23;15;32mo[38;2;2;2;2m [38;2;1;1;1m [38;2;16;16;16m [38;2;0;0;0m            [0m
[0m[38;2;0;0;0m           [38;2;23;23;23m [38;2;1;1;1m [38;2;1;1;1m [38;2;37;21;53mx[38;2;146;62;229md[38;2;156;58;252md[38;2;154;54;254md[38;2;154;53;255md[38;2;154;53;255md[38;2;154;53;255md[38;2;154;53;254md[38;2;153;53;253md[38;2;153;53;253md[38;2;153;53;253md[38;2;151;52;250md[38;2;128;44;212mx[38;2;118;40;197mk[38;2;118;40;197mk[38;2;118;40;197mk[38;2;119;41;197mk[38;2;121;46;197mk[38;2;119;52;186mx[38;2;38;22;55mk[38;2;1;1;1m [38;2;1;1;1m [38;2;28;28;28m [38;2;0;0;0m           [0m
[0m[38;2;0;0;0m         [38;2;1;1;1m [38;2;40;40;40m [38;2;2;2;2m [38;2;2;2;2m [38;2;76;39;111m0[38;2;154;64;243mo[38;2;155;57;253md[38;2;154;54;255md[38;2;154;53;255md[38;2;154;53;255md[38;2;154;53;255md[38;2;153;53;253md[38;2;150;52;249md[38;2;147;51;244md[38;2;145;50;240md[38;2;140;48;231mx[38;2;119;40;198mk[38;2;115;39;192mk[38;2;117;40;195mk[38;2;118;40;197mk[38;2;118;40;197mk[38;2;118;40;197mk[38;2;118;41;197mk[38;2;120;45;197mk[38;2;123;52;194mx[38;2;70;37;103m0[38;2;2;2;2m [38;2;2;2;2m [38;2;45;45;45m [38;2;3;3;3m [38;2;0;0;0m         [0m
[0m[38;2;0;0;0m        [38;2;2;2;2m [38;2;48;48;48m [38;2;2;2;2m [38;2;3;3;3m.[38;2;98;47;147mO[38;2;157;63;250mo[38;2;155;56;253md[38;2;154;54;255md[38;2;154;53;255md[38;2;154;53;255md[38;2;154;53;254md[38;2;152;53;252md[38;2;149;51;247md[38;2;143;49;237md[38;2;136;48;226mx[38;2;41;14;66m'[38;2;30;11;49m'[38;2;105;36;174mO[38;2;110;37;183mk[38;2;114;39;191mk[38;2;117;40;195mk[38;2;118;40;197mk[38;2;118;40;197mkk[38;2;118;40;197mk[38;2;120;44;197mk[38;2;123;50;197mx[38;2;86;43;129mO[38;2;4;4;5m.[38;2;1;1;1m [38;2;60;60;60m [38;2;5;5;5m [38;2;0;0;0m        [0m
[0m[38;2;0;0;0m       [38;2;10;10;10m [38;2;71;71;71m [38;2;2;2;2m [38;2;11;8;13m;[38;2;117;54;179mx[38;2;156;61;251mo[38;2;155;55;254md[38;2;154;53;255md[38;2;154;53;255md[38;2;154;53;255md[38;2;154;53;254md[38;2;152;52;252md[38;2;148;51;245md[38;2;142;49;235mx[38;2;133;47;218mx[38;2;14;6;22m.[38;2;1;1;1m [38;2;5;5;5m.[38;2;9;4;15m.[38;2;99;35;163mk[38;2;108;37;181mO[38;2;113;38;189mk[38;2;116;40;194mk[38;2;118;40;196mk[38;2;118;40;197mk[38;2;118;40;197mk[38;2;118;40;197mk[38;2;119;43;197mk[38;2;122;49;197mx[38;2;100;48;153mO[38;2;13;9;16mc[38;2;1;1;1m [38;2;71;71;71m [38;2;4;4;4m [38;2;0;0;0m       [0m
[0m[38;2;0;0;0m      [38;2;18;18;18m [38;2;1;1;1m [38;2;1;1;1m [38;2;24;14;33mo[38;2;138;60;215md[38;2;156;60;252mo[38;2;155;55;254md[38;2;154;53;255md[38;2;154;53;255md[38;2;154;53;255md[38;2;153;53;254md[38;2;151;52;251md[38;2;147;51;243md[38;2;140;48;231mx[38;2;114;41;186mo[38;2;8;3;13m [38;2;7;7;7m [38;2;10;10;10m [38;2;11;11;11m [38;2;7;7;7m [38;2;6;2;9m [38;2;81;30;134md[38;2;107;37;178mO[38;2;112;38;188mk[38;2;116;39;194mk[38;2;118;40;196mk[38;2;118;40;197mk[38;2;118;40;197mk[38;2;118;40;197mk[38;2;119;42;197mk[38;2;121;47;197mk[38;2;114;51;177mk[38;2;26;16;36md[38;2;2;2;2m [38;2;1;1;1m [38;2;16;16;16m [38;2;0;0;0m      [0m
[0m[38;2;0;0;0m     [38;2;29;29;29m [38;2;1;1;1m [38;2;1;1;1m [38;2;40;22;58mx[38;2;148;63;233md[38;2;156;58;253md[38;2;154;54;254md[38;2;154;53;255md[38;2;154;53;255md[38;2;154;53;255md[38;2;153;53;254md[38;2;151;52;250md[38;2;146;50;242md[38;2;139;48;229mx[38;2;85;31;139mc[38;2;5;2;8m [38;2;6;6;6m [38;2;16;16;16m [38;2;57;57;57m [38;2;50;50;50m [38;2;15;15;15m [38;2;8;8;8m [38;2;4;2;6m [38;2;59;22;97mc[38;2;106;37;177mO[38;2;112;38;186mk[38;2;115;39;193mk[38;2;117;40;196mk[38;2;118;40;197mk[38;2;118;40;197mk[38;2;118;40;197mk[38;2;119;41;197mk[38;2;121;45;197mk[38;2;120;53;188mx[38;2;43;25;61mk[38;2;1;1;1m [38;2;1;1;1m [38;2;26;26;26m [38;2;0;0;0m     [0m
[0m[38;2;0;0;0m   [38;2;1;1;1m [38;2;39;39;39m [38;2;1;1;1m [38;2;15;15;15m [38;2;68;34;101mO[38;2;155;64;245mo[38;2;155;57;253md[38;2;154;54;255md[38;2;154;53;255md[38;2;154;53;255mdd[38;2;154;53;254md[38;2;152;52;252md[38;2;148;51;246md[38;2;143;50;236md[38;2;58;22;94m,[38;2;3;1;4m [38;2;5;5;5m [38;2;14;14;14m [38;2;49;49;49m [38;2;36;36;36m [38;2;34;34;34m [38;2;44;44;44m [38;2;11;11;11m [38;2;5;5;5m [38;2;2;1;3m [38;2;39;15;64m,[38;2;110;38;182mk[38;2;114;39;190mk[38;2;116;40;195mk[38;2;118;40;197mk[38;2;118;40;197mkk[38;2;118;40;197mk[38;2;118;41;197mk[38;2;120;44;197mk[38;2;123;52;195mx[38;2;65;34;97mK[38;2;12;12;12m [38;2;35;35;35m [38;2;41;41;41m [38;2;1;1;1m [38;2;0;0;0m   [0m
[0m[38;2;0;0;0m  [38;2;3;3;3m [38;2;33;33;33m [38;2;29;29;29m [38;2;3;2;3m.[38;2;95;45;143mO[38;2;157;63;250mo[38;2;155;56;254md[38;2;154;53;255md[38;2;154;53;255mdddd[38;2;154;53;254md[38;2;153;53;253md[38;2;151;53;249md[38;2;42;16;67m.[38;2;2;1;3m.[38;2;7;7;7m [38;2;13;13;13m [38;2;1;1;1m [38;2;2;2;2m [38;2;1;1;1m [38;2;1;1;1m [38;2;2;2;2m [38;2;1;1;1m [38;2;10;10;10m [38;2;4;4;4m [38;2;2;1;2m.[38;2;26;10;42m.[38;2;116;41;193mk[38;2;117;40;195mk[38;2;118;40;197mk[38;2;118;40;197mkkkk[38;2;118;40;197mk[38;2;120;43;197mk[38;2;123;50;197mx[38;2;85;43;128mO[38;2;5;4;5m'[38;2;2;2;2m [38;2;52;52;52m [38;2;2;2;2m [38;2;0;0;0m  [0m
[0m[38;2;0;0;0m [38;2;7;7;7m [38;2;50;50;50m [38;2;1;1;1m [38;2;11;8;13m;[38;2;120;54;183mx[38;2;156;61;251mo[38;2;155;56;254md[38;2;154;53;255md[38;2;154;53;255mddddd[38;2;154;53;255md[38;2;154;53;254md[38;2;123;45;201mk[38;2;70;31;109mK[38;2;69;34;103m0[38;2;71;38;106m0[38;2;72;38;106m0[38;2;72;39;107m0[38;2;74;40;108m0[38;2;73;39;107m0[38;2;72;39;107m0[38;2;72;38;106m0[38;2;72;38;106m0[38;2;71;38;106m0[38;2;71;37;105m0[38;2;68;34;103mK[38;2;67;30;105mK[38;2;101;37;166mO[38;2;118;40;196mk[38;2;118;40;197mk[38;2;118;40;197mkkkkk[38;2;118;40;197mk[38;2;119;43;197mk[38;2;122;49;197mx[38;2;102;48;156mk[38;2;12;9;15mc[38;2;1;1;1m [38;2;60;60;60m [38;2;7;7;7m [38;2;0;0;0m [0m
[0m[38;2;2;2;2m [38;2;65;65;65m [38;2;1;1;1m [38;2;11;7;15m;[38;2;131;58;203mx[38;2;153;59;247md[38;2;154;55;253md[38;2;154;53;255md[38;2;154;53;255mdddddd[38;2;152;52;252md[38;2;108;37;179mO[38;2;78;27;129m0[38;2;79;28;130m0[38;2;79;29;131m0[38;2;80;29;131m0[38;2;80;30;131m0[38;2;80;29;131m0[38;2;80;30;131m0[38;2;80;29;131m0[38;2;80;29;131m0[38;2;80;29;131m0[38;2;80;29;131m0[38;2;80;29;131m0[38;2;80;29;131m0[38;2;79;29;131m0[38;2;79;28;130m0[38;2;78;27;129m0[38;2;92;31;154m0[38;2;117;40;195mk[38;2;118;40;197mkkkkkk[38;2;118;40;197mk[38;2;118;42;196mk[38;2;119;46;194mk[38;2;109;50;168mk[38;2;14;9;18mc[38;2;1;1;1m [38;2;67;67;67m [38;2;6;6;6m [0m
[0m[38;2;14;14;14m [38;2;1;1;1m [38;2;11;11;11m [38;2;38;18;57m:[38;2;142;55;229md[38;2;146;51;240md[38;2;150;52;248md[38;2;152;52;251md[38;2;153;53;253md[38;2;153;53;253md[38;2;153;53;253md[38;2;153;53;253md[38;2;153;53;253md[38;2;147;51;243md[38;2;97;33;161mO[38;2;76;26;128m0[38;2;76;26;128m0[38;2;76;26;128m0[38;2;76;26;128m0[38;2;76;26;128m0[38;2;76;26;128m0[38;2;76;26;128m0[38;2;76;26;128m0[38;2;76;26;128m0[38;2;76;26;128m0[38;2;76;26;128m0[38;2;76;26;128m0[38;2;76;26;128m0[38;2;76;26;128m0[38;2;76;26;128m0[38;2;76;26;128m0[38;2;76;26;128m0[38;2;76;26;128m0[38;2;86;29;143m0[38;2;113;38;189mk[38;2;117;40;196mk[38;2;117;40;196mk[38;2;117;40;195mk[38;2;117;40;195mk[38;2;117;40;195mk[38;2;116;39;194mk[38;2;115;39;191mk[38;2;112;39;186mk[38;2;111;43;179mk[38;2;39;19;60mc[38;2;11;11;11m [38;2;1;1;1m [38;2;38;38;38m [0m
[0m[38;2;39;39;39m [38;2;51;51;51m [38;2;11;11;11m [38;2;3;2;4m [38;2;79;31;127m:[38;2;132;46;218mx[38;2;136;47;225mx[38;2;139;48;231mx[38;2;141;49;234mx[38;2;142;49;235mx[38;2;142;49;235mx[38;2;142;49;235mx[38;2;130;45;215mx[38;2;81;28;135m0[38;2;71;24;119mK[38;2;71;24;119mK[38;2;71;24;119mK[38;2;71;24;119mK[38;2;71;24;119mK[38;2;71;24;119mK[38;2;71;24;119mK[38;2;71;24;119mK[38;2;71;24;119mK[38;2;71;24;119mK[38;2;71;24;119mK[38;2;71;24;119mK[38;2;71;24;119mK[38;2;71;24;119mK[38;2;71;24;119mK[38;2;71;24;119mK[38;2;71;24;119mK[38;2;71;24;119mK[38;2;71;24;119mK[38;2;71;24;119mK[38;2;75;25;126mK[38;2;101;34;169mO[38;2;109;37;182mO[38;2;109;37;181mO[38;2;108;37;181mO[38;2;108;37;180mO[38;2;107;36;178mO[38;2;104;35;174mO[38;2;101;35;168mO[38;2;67;26;108ml[38;2;3;2;4m [38;2;9;9;9m [38;2;48;48;48m [38;2;47;47;47m [0m
[0m[38;2;14;14;14m [38;2;66;66;66m [38;2;26;26;26m [38;2;9;9;9m [38;2;2;1;3m [38;2;9;3;14m [38;2;16;6;26m.[38;2;53;19;87m,[38;2;114;40;189mx[38;2;112;39;185mx[38;2;101;35;167mk[38;2;82;28;136mk[38;2;59;21;99mO[38;2;57;20;95mO[38;2;56;19;93mO[38;2;53;18;89mk[38;2;53;18;89mk[38;2;53;18;89mk[38;2;52;18;88mk[38;2;49;17;81mx[38;2;49;17;81mx[38;2;49;17;81mx[38;2;49;17;81mx[38;2;44;15;74md[38;2;44;15;74md[38;2;44;15;74md[38;2;44;15;74md[38;2;40;14;67mo[38;2;40;14;67mo[38;2;40;14;67mo[38;2;40;14;67mo[38;2;36;13;61ml[38;2;36;13;60mc[38;2;36;13;60mc[38;2;36;13;60mc[38;2;33;12;55m:[38;2;38;13;64m:[38;2;43;15;72m:[38;2;46;16;77m:[38;2;40;14;66m,[38;2;21;7;35m.[38;2;12;4;20m.[38;2;7;3;11m [38;2;2;1;3m [38;2;10;10;10m [38;2;21;21;21m [38;2;79;79;79m [38;2;19;19;19m [0m
[0m[38;2;0;0;0m [38;2;24;24;24m [38;2;75;75;75m [38;2;48;48;48m [38;2;20;20;20m [38;2;9;9;9m [38;2;8;8;8m [38;2;7;7;7m [38;2;8;8;8m [38;2;7;7;7m [38;2;7;7;7m [38;2;7;7;7m [38;2;6;6;6m [38;2;7;7;7m [38;2;7;7;7m [38;2;6;6;6m [38;2;7;7;7m [38;2;7;7;7m [38;2;7;7;7m [38;2;7;7;7m [38;2;6;6;6m [38;2;7;7;7m [38;2;7;7;7m [38;2;7;7;7m [38;2;7;7;7m [38;2;7;7;7m [38;2;7;7;7m [38;2;6;6;6m [38;2;7;7;7m [38;2;7;7;7m [38;2;7;7;7m [38;2;7;7;7m [38;2;7;7;7m [38;2;7;7;7m [38;2;7;7;7m [38;2;7;7;7m [38;2;7;7;7m [38;2;6;6;6m [38;2;7;7;7m [38;2;7;7;7m [38;2;6;6;6m [38;2;7;7;7m [38;2;9;9;9m [38;2;20;20;20m [38;2;47;47;47m [38;2;64;64;64m [38;2;31;31;31m [38;2;0;0;0m [0m
[0m[38;2;0;0;0m  [38;2;4;4;4m [38;2;30;30;30m [38;2;57;57;57m [38;2;55;55;55m [38;2;43;43;43m [38;2;46;46;46m [38;2;49;49;49m [38;2;40;40;40m [38;2;43;43;43m [38;2;48;48;48m [38;2;46;46;46m [38;2;42;42;42m [38;2;39;39;39m [38;2;50;50;50m [38;2;42;42;42m [38;2;38;38;38m [38;2;44;44;44m [38;2;41;41;41m [38;2;46;46;46m [38;2;41;41;41m [38;2;34;34;34m [38;2;45;45;45m [38;2;40;40;40m [38;2;39;39;39m [38;2;50;50;50m [38;2;52;52;52m [38;2;40;40;40m [38;2;37;37;37m [38;2;39;39;39m [38;2;43;43;43m [38;2;52;52;52m [38;2;43;43;43m [38;2;42;42;42m [38;2;45;45;45m [38;2;50;50;50m [38;2;43;43;43m [38;2;43;43;43m [38;2;40;40;40m [38;2;42;42;42m [38;2;47;47;47m [38;2;51;51;51m [38;2;65;65;65m [38;2;23;23;23m [38;2;4;4;4m [38;2;0;0;0m  [0m
[0m[38;2;0;0;0m         [38;2;4;4;4m [38;2;7;7;7m [38;2;12;12;12m [38;2;2;2;2m [38;2;0;0;0m [38;2;2;2;2m [38;2;6;6;6m [38;2;2;2;2m [38;2;7;7;7m [38;2;6;6;6m [38;2;7;7;7m [38;2;0;0;0m [38;2;4;4;4m [38;2;0;0;0m  [38;2;2;2;2m [38;2;5;5;5m [38;2;2;2;2m [38;2;2;2;2m [38;2;5;5;5m [38;2;0;0;0m [38;2;2;2;2m [38;2;7;7;7m [38;2;4;4;4m [38;2;0;0;0m [38;2;5;5;5m [38;2;6;6;6m [38;2;12;12;12m [38;2;2;2;2m [38;2;0;0;0m          [0m
